Frame,FPS
0,0.00
1,0.00
2,0.00
3,0.00
4,0.00
5,0.00
6,0.00
7,0.00
8,0.00
9,0.00
10,0.00
11,0.00
12,0.00
13,0.00
14,0.00
15,0.00
16,0.00
17,0.00
18,0.00
19,0.00
20,0.00
21,0.00
22,0.00
23,0.00
24,0.00
25,0.00
26,0.00
27,0.00
28,0.00
29,0.00
30,0.00
31,5.72
32,5.71
33,5.75
34,5.77
35,5.73
36,5.74
37,5.81
38,5.78
39,5.79
40,5.79
41,5.78
42,5.78
43,5.78
44,5.78
45,5.80
46,5.80
47,5.78
48,5.79
49,5.81
50,5.80
51,5.81
52,5.81
53,5.81
54,5.82
55,5.83
56,5.83
57,5.83
58,5.84
59,5.84
60,5.84
61,5.85
62,5.85
63,5.85
64,5.85
65,5.85
66,5.85
67,5.85
68,5.84
69,5.85
70,5.85
71,5.84
72,5.84
73,5.85
74,5.85
75,5.85
76,5.85
77,5.85
78,5.85
79,5.85
80,5.85
81,5.85
82,5.85
83,5.85
84,5.85
85,5.85
86,5.85
87,5.85
88,5.85
89,5.85
90,5.85
91,5.85
92,5.85
93,5.84
94,5.84
95,5.84
96,5.84
97,5.85
98,5.84
99,5.85
100,5.85
101,5.84
102,5.84
103,5.84
104,5.84
105,5.84
106,5.84
107,5.84
108,5.84
109,5.85
110,5.85
111,5.85
112,5.85
113,5.85
114,5.84
115,5.84
116,5.84
117,5.84
118,5.84
119,5.83
120,5.83
121,5.84
122,5.84
123,5.84
124,5.84
125,5.84
126,5.84
127,5.84
128,5.83
129,5.84
130,5.84
131,5.83
132,5.84
133,5.84
134,5.84
135,5.84
136,5.84
137,5.84
138,5.84
139,5.84
140,5.84
141,5.84
142,5.84
143,5.84
144,5.84
145,5.84
146,5.84
147,5.84
148,5.84
149,5.84
150,5.84
151,5.84
152,5.84
153,5.84
154,5.84
155,5.84
156,5.84
157,5.85
158,5.85
159,5.85
160,5.85
161,5.85
162,5.85
163,5.85
164,5.85
165,5.85
166,5.85
167,5.85
168,5.85
169,5.85
170,5.85
171,5.85
172,5.85
173,5.85
174,5.85
175,5.85
176,5.85
177,5.85
178,5.85
179,5.85
180,5.85
181,5.85
182,5.85
183,5.85
184,5.85
185,5.84
186,5.85
187,5.85
188,5.85
189,5.85
190,5.84
191,5.84
192,5.84
193,5.85
194,5.85
195,5.85
196,5.85
197,5.85
198,5.85
199,5.85
200,5.85
201,5.85
202,5.85
203,5.85
204,5.85
205,5.85
206,5.85
207,5.85
208,5.85
209,5.85
210,5.85
211,5.85
212,5.85
213,5.85
214,5.85
215,5.85
216,5.85
217,5.85
218,5.85
219,5.85
220,5.85
221,5.85
222,5.85
223,5.86
224,5.86
225,5.86
226,5.86
227,5.86
228,5.86
229,5.86
230,5.86
231,5.86
232,5.86
233,5.86
234,5.86
235,5.86
236,5.86
237,5.86
238,5.86
239,5.86
240,5.86
241,5.86
242,5.86
243,5.86
244,5.86
245,5.86
246,5.86
247,5.86
248,5.86
249,5.86
250,5.86
251,5.86
252,5.86
253,5.86
254,5.86
255,5.86
256,5.86
257,5.86
258,5.86
259,5.86
260,5.86
261,5.86
262,5.86
263,5.86
264,5.86
265,5.86
266,5.86
267,5.86
268,5.86
269,5.86
270,5.86
271,5.86
272,5.86
273,5.86
274,5.86
275,5.86
276,5.86
277,5.86
278,5.86
279,5.86
280,5.87
281,5.86
282,5.87
283,5.87
284,5.87
285,5.86
286,5.87
287,5.86
288,5.86
289,5.87
290,5.87
291,5.87
292,5.87
293,5.87
294,5.87
295,5.87
296,5.87
297,5.87
298,5.87
299,5.87
300,5.87
301,5.87
302,5.87
303,5.87
304,5.87
305,5.87
306,5.87
307,5.87
308,5.87
309,5.87
310,5.87
311,5.87
312,5.87
313,5.87
314,5.86
315,5.86
316,5.86
317,5.86
318,5.86
319,5.86
320,5.86
321,5.86
322,5.86
323,5.86
324,5.86
325,5.86
326,5.86
327,5.86
328,5.85
329,5.85
330,5.85
331,5.85
332,5.85
333,5.85
334,5.85
335,5.85
336,5.85
337,5.85
338,5.85
339,5.85
340,5.84
341,5.84
342,5.84
343,5.84
344,5.84
345,5.84
346,5.84
347,5.84
348,5.84
349,5.84
350,5.84
351,5.84
352,5.84
353,5.84
354,5.84
355,5.84
356,5.83
357,5.83
358,5.83
359,5.83
360,5.83
361,5.83
362,5.83
363,5.83
364,5.83
365,5.83
366,5.83
367,5.83
368,5.83
369,5.83
370,5.83
371,5.83
372,5.83
373,5.83
374,5.83
375,5.83
376,5.83
377,5.83
378,5.83
379,5.82
380,5.82
381,5.82
382,5.82
383,5.82
384,5.82
385,5.82
386,5.82
387,5.82
388,5.82
389,5.82
390,5.82
391,5.82
392,5.82
393,5.82
394,5.82
395,5.82
396,5.82
397,5.82
398,5.82
399,5.82
400,5.82
401,5.82
402,5.82
403,5.82
404,5.82
405,5.82
406,5.82
407,5.82
408,5.82
409,5.82
410,5.82
411,5.82
412,5.82
413,5.82
414,5.82
415,5.82
416,5.82
417,5.82
418,5.82
419,5.82
420,5.82
421,5.82
422,5.82
423,5.82
424,5.82
425,5.82
426,5.82
427,5.82
428,5.82
429,5.82
430,5.82
431,5.82
432,5.82
433,5.82
434,5.82
435,5.82
436,5.82
437,5.82
438,5.82
439,5.82
440,5.82
441,5.82
442,5.82
443,5.82
444,5.82
445,5.82
446,5.82
447,5.82
448,5.82
449,5.82
450,5.82
451,5.82
452,5.82
453,5.82
454,5.82
455,5.82
456,5.82
457,5.82
458,5.82
459,5.82
460,5.82
461,5.82
462,5.82
463,5.82
464,5.82
465,5.82
466,5.82
467,5.82
468,5.82
469,5.82
470,5.82
471,5.82
472,5.82
473,5.82
474,5.82
475,5.82
476,5.82
477,5.82
478,5.82
479,5.82
480,5.82
481,5.82
482,5.82
483,5.82
484,5.82
485,5.82
486,5.82
487,5.82
488,5.82
489,5.82
490,5.82
491,5.82
492,5.82
493,5.82
494,5.82
495,5.82
496,5.82
497,5.82
498,5.82
499,5.82
500,5.82
501,5.82
502,5.82
503,5.82
504,5.82
505,5.82
506,5.82
507,5.82
508,5.82
509,5.82
510,5.82
511,5.82
512,5.82
513,5.82
514,5.82
515,5.82
516,5.82
517,5.82
518,5.82
519,5.82
520,5.82
521,5.82
522,5.82
523,5.82
524,5.82
525,5.82
526,5.82
527,5.82
528,5.82
529,5.82
530,5.82
531,5.82
532,5.82
533,5.82
534,5.82
535,5.82
536,5.82
537,5.82
538,5.82
539,5.82
540,5.82
541,5.82
542,5.82
543,5.82
544,5.82
545,5.82
546,5.82
547,5.82
548,5.82
549,5.82
550,5.82
551,5.82
552,5.82
553,5.82
554,5.82
555,5.82
556,5.82
557,5.82
558,5.82
559,5.82
560,5.82
561,5.82
562,5.82
563,5.82
564,5.82
565,5.82
566,5.82
567,5.82
568,5.82
569,5.82
570,5.82
571,5.82
572,5.82
573,5.82
574,5.82
575,5.82
576,5.82
577,5.82
578,5.82
579,5.82
